%YAML:1.0
---
cameraMatrix: !!opencv-matrix
   rows: 3
   cols: 3
   dt: d
   data: [ 8.4756966933599790e+02, 0., 6.4507495056945663e+02, 0.,
       8.4966191698286673e+02, 3.5265290437055330e+02, 0., 0., 1. ]
imageSize_width: 1280
imageSize_height: 720
sensorSize_width: 0
sensorSize_height: 0
distCoeffs: !!opencv-matrix
   rows: 1
   cols: 5
   dt: d
   data: [ -4.1366441167665380e-01, 1.7106813222800837e-01,
       5.6933618140871233e-03, -2.8143257887167364e-03,
       -2.8323480855922043e-02 ]
reprojectionError: 2.7556419494021522e+00
features:
   []
