%YAML:1.0
---
cameraMatrix: !!opencv-matrix
   rows: 3
   cols: 3
   dt: d
   data: [ 7.7002764074696734e+02, 0., 6.3219549088361327e+02, 0.,
       7.6822767626151369e+02, 3.8574684372642957e+02, 0., 0., 1. ]
imageSize_width: 1280
imageSize_height: 720
sensorSize_width: 0
sensorSize_height: 0
distCoeffs: !!opencv-matrix
   rows: 1
   cols: 5
   dt: d
   data: [ -4.0723176458269345e-01, 1.8407984752470427e-01,
       -1.9556565293753084e-03, -8.9685553770715333e-04,
       -4.5168782519214974e-02 ]
reprojectionError: 4.0058689514224577e+00
features:
   []
