%YAML:1.0
---
cameraMatrix: !!opencv-matrix
   rows: 3
   cols: 3
   dt: d
   data: [ 1.0562980724272659e+02, 0., 5.8069192222863478e+02, 0.,
       5.3372198398597476e+01, 3.3358719697598576e+02, 0., 0., 1. ]
imageSize_width: 1280
imageSize_height: 720
sensorSize_width: 0
sensorSize_height: 0
distCoeffs: !!opencv-matrix
   rows: 5
   cols: 1
   dt: d
   data: [ -8.3568625419626605e-02, 1.2705481487835988e-03,
       -2.0833413393754652e-02, -1.3020951755798402e-02,
       -2.6781899269076616e-06 ]
reprojectionError: 1.6141937255859375e+01
features:
   - [ 3.70213806e+02, 2.52277664e+02, 3.69256195e+02, 2.83970612e+02,
       3.68694702e+02, 3.16923370e+02, 3.68499512e+02, 3.50891541e+02,
       4.01629639e+02, 2.49036621e+02, 4.01179688e+02, 2.81365021e+02,
       4.00700684e+02, 3.14118347e+02, 4.00982635e+02, 3.48534698e+02,
       4.33986145e+02, 2.46117264e+02, 4.34100372e+02, 2.78530640e+02,
       4.33992340e+02, 3.11534912e+02, 4.34569580e+02, 3.45992218e+02,
       4.67332947e+02, 2.43141830e+02, 4.67535339e+02, 2.75874451e+02,
       4.68249725e+02, 3.09220276e+02, 4.68702118e+02, 3.43713501e+02,
       5.00987152e+02, 2.40593002e+02, 5.01656738e+02, 2.73241089e+02,
       5.02640594e+02, 3.06883057e+02, 5.03655090e+02, 3.41231415e+02,
       5.34932068e+02, 2.38381882e+02, 5.36296265e+02, 2.70837891e+02,
       5.37533813e+02, 3.04494568e+02, 5.39074280e+02, 3.39406494e+02 ]
   - [ 3.77125977e+02, 2.25394196e+02, 3.78737793e+02, 2.63796448e+02,
       3.80511566e+02, 3.02822937e+02, 3.83418121e+02, 3.41879608e+02,
       4.13395477e+02, 2.23327072e+02, 4.14773346e+02, 2.61612427e+02,
       4.16769409e+02, 2.99669128e+02, 4.19064484e+02, 3.38522675e+02,
       4.49099792e+02, 2.22041611e+02, 4.50303436e+02, 2.59218018e+02,
       4.52459778e+02, 2.96948425e+02, 4.54650208e+02, 3.34578430e+02,
       4.83637207e+02, 2.20629929e+02, 4.85035614e+02, 2.57595551e+02,
       4.86671173e+02, 2.94272095e+02, 4.88997742e+02, 3.31571411e+02,
       5.17170593e+02, 2.19946228e+02, 5.18634583e+02, 2.55819199e+02,
       5.20277222e+02, 2.92295227e+02, 5.22404053e+02, 3.28288696e+02,
       5.49460754e+02, 2.19345230e+02, 5.51114868e+02, 2.54507080e+02,
       5.52766113e+02, 2.90099060e+02, 5.54439026e+02, 3.25524475e+02 ]
   - [ 3.64346497e+02, 2.61503510e+02, 3.66535797e+02, 2.98408264e+02,
       3.70191742e+02, 3.36824890e+02, 3.74204498e+02, 3.76514313e+02,
       4.00995331e+02, 2.53776093e+02, 4.04435516e+02, 2.91048340e+02,
       4.08191772e+02, 3.29445251e+02, 4.12773651e+02, 3.69611755e+02,
       4.39239716e+02, 2.46484848e+02, 4.43373108e+02, 2.83702942e+02,
       4.47566040e+02, 3.22252167e+02, 4.52723358e+02, 3.62343628e+02,
       4.78304535e+02, 2.38792618e+02, 4.82917999e+02, 2.76528137e+02,
       4.88127960e+02, 3.15118927e+02, 4.93583252e+02, 3.55372681e+02,
       5.17722168e+02, 2.32158569e+02, 5.23310242e+02, 2.69305420e+02,
       5.29112549e+02, 3.08256561e+02, 5.35041748e+02, 3.48173340e+02,
       5.57578003e+02, 2.25344193e+02, 5.63661194e+02, 2.62593872e+02,
       5.70086487e+02, 3.01052063e+02, 5.76786133e+02, 3.41417877e+02 ]
   - [ 3.57906860e+02, 2.20704285e+02, 3.52597748e+02, 2.53972336e+02,
       3.47777588e+02, 2.89405914e+02, 3.43356537e+02, 3.26150909e+02,
       3.92396729e+02, 2.17314697e+02, 3.87579193e+02, 2.51264328e+02,
       3.83311737e+02, 2.86119659e+02, 3.79449158e+02, 3.23938843e+02,
       4.28403717e+02, 2.13579102e+02, 4.24727814e+02, 2.47889542e+02,
       4.20650970e+02, 2.83693237e+02, 4.17623322e+02, 3.21519196e+02,
       4.65687317e+02, 2.10395279e+02, 4.62741211e+02, 2.45381332e+02,
       4.59956177e+02, 2.81475067e+02, 4.57381592e+02, 3.19495728e+02,
       5.04442535e+02, 2.07627563e+02, 5.02150879e+02, 2.42398605e+02,
       5.00481079e+02, 2.79304962e+02, 4.98426086e+02, 3.17590118e+02,
       5.43465149e+02, 2.05309555e+02, 5.42486938e+02, 2.40241333e+02,
       5.41363953e+02, 2.76758759e+02, 5.40545837e+02, 3.15939606e+02 ]
   - [ 4.02128113e+02, 2.42386414e+02, 4.06422333e+02, 2.89236206e+02,
       4.10911804e+02, 3.36630493e+02, 4.16360168e+02, 3.83783142e+02,
       4.43937225e+02, 2.39034927e+02, 4.47940338e+02, 2.84840424e+02,
       4.52697113e+02, 3.30642090e+02, 4.57835815e+02, 3.76909363e+02,
       4.84477020e+02, 2.36427780e+02, 4.87848694e+02, 2.80618408e+02,
       4.93028381e+02, 3.25640839e+02, 4.97580566e+02, 3.70161743e+02,
       5.22871399e+02, 2.34049988e+02, 5.26323853e+02, 2.77152679e+02,
       5.30690491e+02, 3.20461487e+02, 5.35423279e+02, 3.63865723e+02,
       5.58995056e+02, 2.32234116e+02, 5.62511475e+02, 2.73852234e+02,
       5.66358521e+02, 3.16125397e+02, 5.70630798e+02, 3.57943970e+02,
       5.92610107e+02, 2.30773804e+02, 5.96505432e+02, 2.71275421e+02,
       6.00270020e+02, 3.11781067e+02, 6.03975647e+02, 3.52613220e+02 ]
   - [ 3.45878693e+02, 2.40688965e+02, 3.47393860e+02, 2.80887421e+02,
       3.50165955e+02, 3.23427307e+02, 3.53629547e+02, 3.67525177e+02,
       3.87404663e+02, 2.32879257e+02, 3.89936188e+02, 2.73254333e+02,
       3.92621002e+02, 3.15377350e+02, 3.97341431e+02, 3.60388306e+02,
       4.29913147e+02, 2.24849686e+02, 4.33483826e+02, 2.65719666e+02,
       4.37587952e+02, 3.08033203e+02, 4.42477509e+02, 3.52703461e+02,
       4.73462616e+02, 2.17577682e+02, 4.78220581e+02, 2.58564301e+02,
       4.83153412e+02, 3.00817505e+02, 4.89151764e+02, 3.45414154e+02,
       5.17657959e+02, 2.10742599e+02, 5.23164001e+02, 2.51339584e+02,
       5.29394043e+02, 2.93729828e+02, 5.35924622e+02, 3.38097595e+02,
       5.61542664e+02, 2.04661697e+02, 5.68466187e+02, 2.44680191e+02,
       5.75378845e+02, 2.86774841e+02, 5.82851746e+02, 3.31115540e+02 ]
