%YAML:1.0
---
cameraMatrix: !!opencv-matrix
   rows: 3
   cols: 3
   dt: d
   data: [ 1.3158353417279830e+03, 0., 6.0959677173741966e+02, 0.,
       1.2998095150640900e+03, 4.1742467468824157e+02, 0., 0., 1. ]
imageSize_width: 1280
imageSize_height: 720
sensorSize_width: 0
sensorSize_height: 0
distCoeffs: !!opencv-matrix
   rows: 5
   cols: 1
   dt: d
   data: [ 4.3205146786044244e+00, -2.8611081727738525e+02,
       -5.3023414922061307e-02, 2.9726366313424030e-02,
       -6.3531455633377973e+00 ]
reprojectionError: 4.8231011629104614e-01
features:
   - [ 4.94292755e+02, 3.82682343e+02, 5.19249023e+02, 3.83233002e+02,
       5.44431946e+02, 3.83737885e+02, 5.69749878e+02, 3.84409119e+02,
       5.95190063e+02, 3.84925629e+02, 6.20605713e+02, 3.85551910e+02,
       4.93776093e+02, 4.07766663e+02, 5.18625793e+02, 4.08436890e+02,
       5.43887695e+02, 4.09141815e+02, 5.69275085e+02, 4.09672913e+02,
       5.94594604e+02, 4.10366272e+02, 6.19859985e+02, 4.10821564e+02,
       4.93331055e+02, 4.32920929e+02, 5.18267334e+02, 4.33599945e+02,
       5.43269775e+02, 4.34327362e+02, 5.68643738e+02, 4.35029602e+02,
       5.93861572e+02, 4.35515381e+02, 6.19421448e+02, 4.36228363e+02,
       4.92865021e+02, 4.58079437e+02, 5.17691772e+02, 4.58919037e+02,
       5.42950378e+02, 4.59544434e+02, 5.68144165e+02, 4.60292389e+02,
       5.93386597e+02, 4.60893341e+02, 6.18558533e+02, 4.61477539e+02 ]
   - [ 4.94297852e+02, 3.82693085e+02, 5.19286133e+02, 3.83253326e+02,
       5.44434814e+02, 3.83740204e+02, 5.69743835e+02, 3.84411713e+02,
       5.95224121e+02, 3.84958771e+02, 6.20602234e+02, 3.85515198e+02,
       4.93805450e+02, 4.07791412e+02, 5.18631226e+02, 4.08395691e+02,
       5.46385254e+02, 4.11019928e+02, 5.69277283e+02, 4.09677277e+02,
       5.94574463e+02, 4.10352386e+02, 6.19832703e+02, 4.10797058e+02,
       4.93348053e+02, 4.32968445e+02, 5.18264526e+02, 4.33613495e+02,
       5.43244995e+02, 4.34317596e+02, 5.68663330e+02, 4.34996521e+02,
       5.93957886e+02, 4.35586060e+02, 6.19357300e+02, 4.36269440e+02,
       4.92891632e+02, 4.58139221e+02, 5.17682678e+02, 4.58954071e+02,
       5.42965698e+02, 4.59565582e+02, 5.68145447e+02, 4.60277649e+02,
       5.93413086e+02, 4.60908081e+02, 6.18575500e+02, 4.61499420e+02 ]
   - [ 4.94317413e+02, 3.82650208e+02, 5.19259521e+02, 3.83262451e+02,
       5.44453125e+02, 3.83727173e+02, 5.69765198e+02, 3.84422577e+02,
       5.95205078e+02, 3.84894012e+02, 6.20540833e+02, 3.85533234e+02,
       4.93749451e+02, 4.07785339e+02, 5.18606384e+02, 4.08454865e+02,
       5.43983704e+02, 4.09145203e+02, 5.69286255e+02, 4.09691315e+02,
       5.94565735e+02, 4.10342285e+02, 6.19873047e+02, 4.10847168e+02,
       4.93343597e+02, 4.32929443e+02, 5.18265442e+02, 4.33627869e+02,
       5.40937988e+02, 4.36720428e+02, 5.68634155e+02, 4.35028809e+02,
       5.93936462e+02, 4.35566315e+02, 6.19329956e+02, 4.36282410e+02,
       4.92825104e+02, 4.58082977e+02, 5.17697021e+02, 4.58943481e+02,
       5.42862549e+02, 4.59561890e+02, 5.68146362e+02, 4.60288239e+02,
       5.93421692e+02, 4.60868958e+02, 6.18562683e+02, 4.61494659e+02 ]
   - [ 4.94310059e+02, 3.82660156e+02, 5.19296570e+02, 3.83241821e+02,
       5.44451843e+02, 3.83748077e+02, 5.69715271e+02, 3.84412811e+02,
       5.95202332e+02, 3.84897186e+02, 6.20600159e+02, 3.85545959e+02,
       4.93758270e+02, 4.07784302e+02, 5.18645813e+02, 4.08433960e+02,
       5.43934753e+02, 4.09103912e+02, 5.69283997e+02, 4.09677643e+02,
       5.94596191e+02, 4.10378235e+02, 6.19827576e+02, 4.10836426e+02,
       4.93338226e+02, 4.32921143e+02, 5.18259460e+02, 4.33650726e+02,
       5.43278259e+02, 4.34318115e+02, 5.68667175e+02, 4.34955994e+02,
       5.93959900e+02, 4.35559631e+02, 6.19340271e+02, 4.36302307e+02,
       4.92859314e+02, 4.58115479e+02, 5.17695435e+02, 4.58965149e+02,
       5.42952881e+02, 4.59551361e+02, 5.68154114e+02, 4.60304169e+02,
       5.93437622e+02, 4.60853821e+02, 6.18543030e+02, 4.61576813e+02 ]
   - [ 4.94278351e+02, 3.82668182e+02, 5.19282410e+02, 3.83251495e+02,
       5.44440796e+02, 3.83723907e+02, 5.69701294e+02, 3.84429291e+02,
       5.95218384e+02, 3.84906219e+02, 6.20621704e+02, 3.85551666e+02,
       4.93814789e+02, 4.07778534e+02, 5.18630859e+02, 4.08436005e+02,
       5.43873901e+02, 4.09140198e+02, 5.69232239e+02, 4.09666504e+02,
       5.94550842e+02, 4.10394501e+02, 6.19815186e+02, 4.10843933e+02,
       4.93327148e+02, 4.32960907e+02, 5.18238708e+02, 4.33632690e+02,
       5.43269104e+02, 4.34309692e+02, 5.68656555e+02, 4.34993042e+02,
       5.93950012e+02, 4.35545868e+02, 6.19359192e+02, 4.36234711e+02,
       4.92902374e+02, 4.58114624e+02, 5.17675232e+02, 4.58982178e+02,
       5.42951172e+02, 4.59542480e+02, 5.68158447e+02, 4.60317139e+02,
       5.93450378e+02, 4.60861359e+02, 6.18568054e+02, 4.61487671e+02 ]
   - [ 4.94296478e+02, 3.82683289e+02, 5.19267334e+02, 3.83261261e+02,
       5.44427551e+02, 3.83749451e+02, 5.69696838e+02, 3.84431671e+02,
       5.95209351e+02, 3.84920258e+02, 6.20612549e+02, 3.85541351e+02,
       4.93777008e+02, 4.07804413e+02, 5.18649597e+02, 4.08417847e+02,
       5.46385254e+02, 4.11019928e+02, 5.69254211e+02, 4.09707092e+02,
       5.94521729e+02, 4.10392517e+02, 6.19824707e+02, 4.10867920e+02,
       4.93336639e+02, 4.32938141e+02, 5.18267578e+02, 4.33625183e+02,
       5.43277344e+02, 4.34358246e+02, 5.68654480e+02, 4.35025482e+02,
       5.93900452e+02, 4.35559906e+02, 6.19351074e+02, 4.36257874e+02,
       4.92926880e+02, 4.58157135e+02, 5.17686096e+02, 4.58966370e+02,
       5.42942017e+02, 4.59577576e+02, 5.68143066e+02, 4.60294678e+02,
       5.93455505e+02, 4.60862427e+02, 6.18525269e+02, 4.61556976e+02 ]
   - [ 4.94271851e+02, 3.82665649e+02, 5.19265747e+02, 3.83270660e+02,
       5.44459534e+02, 3.83732788e+02, 5.69721741e+02, 3.84444275e+02,
       5.95199280e+02, 3.84931244e+02, 6.20609070e+02, 3.85558411e+02,
       4.93791138e+02, 4.07813446e+02, 5.18632812e+02, 4.08425140e+02,
       5.43895996e+02, 4.09182709e+02, 5.69273438e+02, 4.09665680e+02,
       5.94587708e+02, 4.10358337e+02, 6.19839783e+02, 4.10832245e+02,
       4.93359161e+02, 4.32960236e+02, 5.18269653e+02, 4.33643738e+02,
       5.43256836e+02, 4.34318695e+02, 5.68712524e+02, 4.34969238e+02,
       5.93884094e+02, 4.35530487e+02, 6.19331482e+02, 4.36276581e+02,
       4.94722046e+02, 4.60359802e+02, 5.17684570e+02, 4.58939026e+02,
       5.42942932e+02, 4.59578613e+02, 5.68129944e+02, 4.60307495e+02,
       5.93453186e+02, 4.60908051e+02, 6.18548950e+02, 4.61486237e+02 ]
   - [ 4.94298004e+02, 3.82686829e+02, 5.19270813e+02, 3.83283813e+02,
       5.44454224e+02, 3.83762634e+02, 5.69735901e+02, 3.84415375e+02,
       5.95178345e+02, 3.84937622e+02, 6.20588318e+02, 3.85530548e+02,
       4.93778931e+02, 4.07826538e+02, 5.18646973e+02, 4.08434967e+02,
       5.46087585e+02, 4.12031769e+02, 5.69269470e+02, 4.09679108e+02,
       5.94589600e+02, 4.10374908e+02, 6.19877136e+02, 4.10818329e+02,
       4.93359253e+02, 4.32936829e+02, 5.18277954e+02, 4.33617249e+02,
       5.43323547e+02, 4.34346588e+02, 5.68658325e+02, 4.35037292e+02,
       5.93874329e+02, 4.35572327e+02, 6.19351685e+02, 4.36286041e+02,
       4.92892914e+02, 4.58095551e+02, 5.17716064e+02, 4.58977417e+02,
       5.42954529e+02, 4.59575958e+02, 5.68164246e+02, 4.60274872e+02,
       5.93422791e+02, 4.60888306e+02, 6.18550598e+02, 4.61476776e+02 ]
   - [ 4.94307190e+02, 3.82692505e+02, 5.19251526e+02, 3.83267639e+02,
       5.44459473e+02, 3.83734589e+02, 5.69723022e+02, 3.84436615e+02,
       5.95209106e+02, 3.84936951e+02, 6.20625549e+02, 3.85537384e+02,
       4.93802246e+02, 4.07790924e+02, 5.18599365e+02, 4.08439789e+02,
       5.46385254e+02, 4.11019928e+02, 5.69277710e+02, 4.09700043e+02,
       5.94593506e+02, 4.10374603e+02, 6.19861450e+02, 4.10842682e+02,
       4.93346954e+02, 4.32924835e+02, 5.18268311e+02, 4.33643036e+02,
       5.43251953e+02, 4.34318756e+02, 5.68659790e+02, 4.34957214e+02,
