%YAML:1.0
---
cameraMatrix: !!opencv-matrix
   rows: 3
   cols: 3
   dt: d
   data: [ 7.9018284898566407e+01, 0., 6.3657840608154640e+02, 0.,
       7.8530872114056422e+01, 2.6892211008935851e+02, 0., 0., 1. ]
imageSize_width: 1280
imageSize_height: 720
sensorSize_width: 0
sensorSize_height: 0
distCoeffs: !!opencv-matrix
   rows: 5
   cols: 1
   dt: d
   data: [ 9.1691273581845409e-02, -2.0081015084656890e-02,
       3.1369822349972917e-02, -1.1157476828624500e-02,
       1.1371526100925737e-03 ]
reprojectionError: 4.2159261703491211e+00
features:
   - [ 5.61594604e+02, 1.72933411e+02, 5.60129822e+02, 2.07430649e+02,
       5.58549744e+02, 2.42982010e+02, 5.57149963e+02, 2.79319550e+02,
       5.97978516e+02, 1.73336594e+02, 5.96397583e+02, 2.07981262e+02,
       5.95242920e+02, 2.43417343e+02, 5.93855286e+02, 2.79833679e+02,
       6.34333191e+02, 1.73764252e+02, 6.33269104e+02, 2.08645782e+02,
       6.32273193e+02, 2.44296143e+02, 6.31407349e+02, 2.80663544e+02,
       6.70674011e+02, 1.74736176e+02, 6.69971558e+02, 2.09641235e+02,
       6.69278931e+02, 2.45469971e+02, 6.68593201e+02, 2.81886047e+02,
       7.07111084e+02, 1.76188339e+02, 7.06843567e+02, 2.11143539e+02,
       7.06308044e+02, 2.46926300e+02, 7.05656433e+02, 2.83305511e+02,
       7.42935486e+02, 1.78311050e+02, 7.43118347e+02, 2.12707657e+02,
       7.42721924e+02, 2.48372055e+02, 7.42363342e+02, 2.84598694e+02 ]
   - [ 3.44878204e+02, 5.25233154e+01, 3.24234406e+02, 8.23342285e+01,
       3.04010742e+02, 1.13205406e+02, 2.84159546e+02, 1.44894135e+02,
       3.71405457e+02, 6.27281494e+01, 3.50395630e+02, 9.32990265e+01,
       3.29425201e+02, 1.24652702e+02, 3.09235413e+02, 1.57449066e+02,
       3.99262604e+02, 7.35812683e+01, 3.78314301e+02, 1.05357903e+02,
       3.56825470e+02, 1.37285660e+02, 3.36092468e+02, 1.70920868e+02,
       4.28758728e+02, 8.56359329e+01, 4.07698730e+02, 1.17997566e+02,
       3.86290405e+02, 1.51375229e+02, 3.64988617e+02, 1.85389389e+02,
       4.60370422e+02, 9.86966858e+01, 4.38635559e+02, 1.31933960e+02,
       4.17401154e+02, 1.66027939e+02, 3.95636444e+02, 2.01103271e+02,
       4.93259033e+02, 1.13274620e+02, 4.71636688e+02, 1.46701004e+02,
       4.49887726e+02, 1.81760101e+02, 4.28207855e+02, 2.17662979e+02 ]
   - [ 5.34631287e+02, 2.37740402e+02, 5.32680054e+02, 2.77682495e+02,
       5.30597839e+02, 3.19101135e+02, 5.29289368e+02, 3.60622345e+02,
       5.75448364e+02, 2.37517349e+02, 5.73550781e+02, 2.78046204e+02,
       5.71809631e+02, 3.19329681e+02, 5.70398315e+02, 3.61582428e+02,
       6.16552307e+02, 2.37518692e+02, 6.15472046e+02, 2.78375244e+02,
       6.13871033e+02, 3.20084442e+02, 6.12643921e+02, 3.62386810e+02,
       6.58546753e+02, 2.37729828e+02, 6.57507629e+02, 2.79202911e+02,
       6.56631470e+02, 3.20681366e+02, 6.55381470e+02, 3.63441132e+02,
       7.00521729e+02, 2.38620270e+02, 6.99884521e+02, 2.79641418e+02,
       6.99155518e+02, 3.21858063e+02, 6.98378967e+02, 3.64385040e+02,
       7.42208618e+02, 2.39809784e+02, 7.42040039e+02, 2.80871094e+02,
       7.41550293e+02, 3.22708099e+02, 7.40630249e+02, 3.65507355e+02 ]
   - [ 6.19790100e+02, 4.00698212e+02, 6.25558594e+02, 4.41807587e+02,
       6.31258545e+02, 4.82398132e+02, 6.36667114e+02, 5.21975769e+02,
       6.60856018e+02, 3.95069519e+02, 6.66599243e+02, 4.36115845e+02,
       6.72077148e+02, 4.76688141e+02, 6.77349060e+02, 5.16530823e+02,
       7.02483398e+02, 3.89300507e+02, 7.07728760e+02, 4.30306763e+02,
       7.12801941e+02, 4.71092712e+02, 7.17805664e+02, 5.10605011e+02,
       7.43386230e+02, 3.83638855e+02, 7.48489868e+02, 4.24521881e+02,
       7.53492493e+02, 4.64775360e+02, 7.58172302e+02, 5.04562164e+02,
       7.83601868e+02, 3.77774658e+02, 7.88560974e+02, 4.18505768e+02,
       7.93116577e+02, 4.58602173e+02, 7.97471924e+02, 4.98364655e+02,
       8.22569214e+02, 3.72275238e+02, 8.27529358e+02, 4.12578918e+02,
       8.31688843e+02, 4.52355682e+02, 8.35521118e+02, 4.91615173e+02 ]
   - [ 4.81257446e+02, 1.98731720e+02, 4.72723694e+02, 2.42919998e+02,
       4.64490784e+02, 2.88092529e+02, 4.56764404e+02, 3.34049622e+02,
       5.24816162e+02, 2.07384674e+02, 5.16468323e+02, 2.51027359e+02,
       5.09052704e+02, 2.95675720e+02, 5.01257935e+02, 3.41091248e+02,
       5.67701294e+02, 2.16086914e+02, 5.59934875e+02, 2.59356842e+02,
       5.52599731e+02, 3.03344482e+02, 5.45378052e+02, 3.48269043e+02,
       6.10141052e+02, 2.25211334e+02, 6.02271545e+02, 2.67717560e+02,
       5.95275818e+02, 3.11089264e+02, 5.88163086e+02, 3.55209167e+02,
       6.50501221e+02, 2.34009583e+02, 6.43397522e+02, 2.76135651e+02,
       6.36120850e+02, 3.18685455e+02, 6.29530457e+02, 3.61878204e+02,
       6.89202271e+02, 2.43235596e+02, 6.82567139e+02, 2.84314056e+02,
       6.75821411e+02, 3.26108185e+02, 6.68705261e+02, 3.68463104e+02 ]
   - [ 4.45654663e+02, 2.24483963e+02, 4.38272675e+02, 3.15113892e+02,
       4.33398285e+02, 4.09138153e+02, 4.30848877e+02, 5.03273071e+02,
       5.36405212e+02, 2.28683273e+02, 5.31086853e+02, 3.19341431e+02,
       5.26854675e+02, 4.13404541e+02, 5.23726074e+02, 5.07533569e+02,
       6.27852356e+02, 2.34248993e+02, 6.23837158e+02, 3.24245483e+02,
       6.20724365e+02, 4.16920654e+02, 6.17314575e+02, 5.10048920e+02,
       7.16046570e+02, 2.41368423e+02, 7.13577271e+02, 3.29408081e+02,
       7.11096130e+02, 4.20017639e+02, 7.07324341e+02, 5.10656464e+02,
       7.98297302e+02, 2.49574341e+02, 7.97420044e+02, 3.34929047e+02,
       7.94766296e+02, 4.22486298e+02, 7.91044800e+02, 5.09939056e+02,
       8.72372864e+02, 2.58604095e+02, 8.72946411e+02, 3.40338593e+02,
       8.71059692e+02, 4.24285583e+02, 8.66614380e+02, 5.07942810e+02 ]
   - [ 3.96543732e+02, 2.10613754e+02, 3.84334747e+02, 2.95052856e+02,
       3.74498627e+02, 3.84236542e+02, 3.67492889e+02, 4.75600800e+02,
       4.79767517e+02, 2.10937134e+02, 4.69389740e+02, 2.97511017e+02,
       4.60381256e+02, 3.89487732e+02, 4.53663849e+02, 4.84113525e+02,
       5.68586853e+02, 2.12444717e+02, 5.61305298e+02, 3.01397736e+02,
       5.53582642e+02, 3.94933289e+02, 5.47274292e+02, 4.91629852e+02,
       6.60868164e+02, 2.16085770e+02, 6.56023010e+02, 3.05847656e+02,
       6.50708252e+02, 4.00647736e+02, 6.44908936e+02, 4.97800201e+02,
       7.52874146e+02, 2.22144135e+02, 7.50664124e+02, 3.11428131e+02,
       7.47112427e+02, 4.05800934e+02, 7.42249451e+02, 5.02529877e+02,
       8.40617859e+02, 2.29761581e+02, 8.41417664e+02, 3.17541229e+02,
       8.39476990e+02, 4.10574829e+02, 8.34739929e+02, 5.05240936e+02 ]
   - [ 3.97810883e+02, 1.38482635e+02, 3.78946381e+02, 2.37048828e+02,
       3.63430389e+02, 3.44317291e+02, 3.51636688e+02, 4.55963593e+02,
       4.96720337e+02, 1.55368042e+02, 4.82720001e+02, 2.52315536e+02,
       4.70138336e+02, 3.57690674e+02, 4.59303528e+02, 4.67136536e+02,
       5.93461365e+02, 1.73706696e+02, 5.82468628e+02, 2.69189209e+02,
       5.73660583e+02, 3.70632904e+02, 5.64126404e+02, 4.76608185e+02,
       6.83595398e+02, 1.93410492e+02, 6.76181458e+02, 2.85511810e+02,
       6.68934509e+02, 3.82912628e+02, 6.61242981e+02, 4.83425171e+02,
       7.64633972e+02, 2.13509567e+02, 7.60179993e+02, 3.01364746e+02,
       7.53851196e+02, 3.93610535e+02, 7.47348267e+02, 4.88702606e+02,
       8.35003723e+02, 2.33125351e+02, 8.33091736e+02, 3.15778656e+02,
       8.28599854e+02, 4.03051178e+02, 8.21975525e+02, 4.92006317e+02 ]
   - [ 5.10495178e+02, 2.81480042e+02, 5.12060059e+02, 3.40513031e+02,
       5.14266602e+02, 4.00772400e+02, 5.17256165e+02, 4.61223907e+02,
       5.69285400e+02, 2.77240082e+02, 5.71398560e+02, 3.37043793e+02,
       5.73657104e+02, 3.98074402e+02, 5.76553528e+02, 4.59368042e+02,
       6.29616150e+02, 2.73395233e+02, 6.32482239e+02, 3.33818817e+02,
       6.35123779e+02, 3.95133179e+02, 6.37766846e+02, 4.56950745e+02,
       6.90637268e+02, 2.70003052e+02, 6.94023926e+02, 3.30589813e+02,
       6.97125916e+02, 3.92227997e+02, 6.99715881e+02, 4.54116791e+02,
