%YAML:1.0
---
cameraMatrix: !!opencv-matrix
   rows: 3
   cols: 3
   dt: d
   data: [ 1.3299785074780725e+03, 0., 6.5202640299393090e+02, 0.,
       1.3504025996649273e+03, 3.9601762737596727e+02, 0., 0., 1. ]
imageSize_width: 1280
imageSize_height: 720
sensorSize_width: 0
sensorSize_height: 0
distCoeffs: !!opencv-matrix
   rows: 1
   cols: 5
   dt: d
   data: [ -1.2723099766992747e+00, 5.1031248092392838e+00,
       2.5507949706206688e-03, -3.8506602062572740e-02,
       -1.9176453787960195e+01 ]
reprojectionError: 2.7259958360260472e+00
features:
   []
