%YAML:1.0
---
cameraMatrix: !!opencv-matrix
   rows: 3
   cols: 3
   dt: d
   data: [ 8.1902831008171768e+02, 0., 6.4242621373944451e+02, 0.,
       8.2088813295747741e+02, 3.3911849297578868e+02, 0., 0., 1. ]
imageSize_width: 1280
imageSize_height: 720
sensorSize_width: 0
sensorSize_height: 0
distCoeffs: !!opencv-matrix
   rows: 5
   cols: 1
   dt: d
   data: [ -4.3469514086302641e-01, 1.7566108032093300e-01,
       1.3457128296065921e-02, -6.2873655104596290e-03,
       -6.0260118676113583e-02 ]
reprojectionError: 3.2782011032104492e+00
features:
   []
